0.0 0.3528104691935328
1.0344827586206897 4.2377701064529605
2.0689655172413794 2.3678847582568823
3.1034482758620694 17.674883903299538
4.137931034482759 14.120902880199381
5.172413793103448 -0.4041565925393815
6.206896551724139 5.390075980378109
7.241379310344828 -2.7771567643540775
8.275862068965518 -1.4809516263499052
9.310344827586208 2.2151627652043446
10.344827586206897 1.328698484029244
11.379310344827587 11.258584914128505
12.413793103448278 1.4941704734802506
13.448275862068966 1.0806211676321789
14.482758620689657 0.47572001800288666
15.517241379310345 1.9682786327133943
16.551724137931036 -0.605647732834746
17.586206896551726 -1.0771824852028578
18.620689655172416 -0.6883938204055886
19.655172413793103 -0.37196547571425453
20.689655172413794 -0.13751582470255652
21.724137931034484 0.8761742384913982
22.758620689655174 0.9635361068015151
23.793103448275865 -4.671942759208817
24.827586206896555 15.966394396822972
25.862068965517242 -10.53425263446694
26.896551724137932 -0.2848830214287818
27.931034482758623 -0.633509911769236
28.965517241379313 -0.048946288761921586
30.0 0.2938717539800566
