0.0 0.26460785189514957
1.0344827586206897 1.1514221902910196
2.0689655172413794 1.7137429409978326
3.1034482758620694 1.6983744558921057
4.137931034482759 14.688389133830697
5.172413793103448 -0.2755047703903174
6.206896551724139 -0.5968648428169956
7.241379310344828 -0.9794166388130837
8.275862068965518 -0.7878545178393677
9.310344827586208 2.748493744417901
10.344827586206897 1.2331321434885103
11.379310344827587 0.7066585529772677
12.413793103448278 0.6912786998579464
13.448275862068966 0.4496173190799713
14.482758620689657 0.21663528272649205
15.517241379310345 2.3672487417985444
16.551724137931036 -0.09216318842947321
17.586206896551726 -0.37483306743710354
18.620689655172416 -0.18984493976743072
19.655172413793103 -0.1883419459260492
20.689655172413794 -0.27687072449446576
21.724137931034484 0.2993109822275364
22.758620689655174 0.332376035320227
23.793103448275865 0.016057030299698877
24.827586206896555 0.3585217787368804
25.862068965517242 -0.29580256117160586
26.896551724137932 0.2170257579446765
27.931034482758623 -0.14607562824240788
28.965517241379313 0.16308957197535184
30.0 0.22040381548504268
