0.0 0.0882026172983832
1.5517241379310345 1.6396914306134711
3.103448275862069 1.4541166566580075
4.655172413793103 1.4032302713644227
6.206896551724138 0.14705427735806298
7.758620689655173 -1.030642253871137
9.310344827586206 0.11175225963497781
10.862068965517242 0.31224279798131005
12.413793103448276 0.6482416177147472
13.96551724137931 0.5496865882541504
15.517241379310345 -0.08599975369900288
17.06896551724138 0.31243290105152427
18.620689655172413 -0.24722045730853304
20.17241379310345 0.041277292194844
21.724137931034484 0.27229787686699247
23.275862068965516 0.3843427465794199
24.82758620689655 0.09785169164749409
26.379310344827587 -0.1521644221779107
27.93103448275862 -0.14036571715469454
29.482758620689655 -0.08766755618080233
31.03448275862069 -0.053538776968351395
32.58620689655172 0.1390246164456383
34.13793103448276 0.09097162343851042
35.689655172413794 -0.40490306837580675
37.241379310344826 1.0657522536244493
38.793103448275865 -0.7690758804959091
40.3448275862069 0.03426786291027978
41.89655172413793 0.03344094026019018
43.44827586206897 0.10980212766385111
45.0 0.07346793849501429
