0.0 0.441013086491916
1.5517241379310345 1.6318387781011225
3.103448275862069 1.8355897031379003
4.655172413793103 0.9008847233270066
6.206896551724138 8.329355596909025
7.758620689655173 -1.5833624016782912
9.310344827586206 -0.28969929431001273
10.862068965517242 0.5611750188561364
12.413793103448276 1.047765629812292
13.96551724137931 0.7047280403439545
15.517241379310345 -0.2579424343349594
17.06896551724138 -0.45726757768169674
18.620689655172413 -0.4105464573018678
20.17241379310345 0.10928545792155034
21.724137931034484 0.7073262237090173
23.275862068965516 2.2202121071714807
24.82758620689655 0.4360093914171773
26.379310344827587 -0.45891180757510563
27.93103448275862 -0.39859158799853056
29.482758620689655 -0.3597487315820954
31.03448275862069 -0.38179599106861023
32.58620689655172 0.5549590463352873
34.13793103448276 0.4031808313939308
35.689655172413794 -0.3265264740100974
37.241379310344826 0.2608299146384791
38.793103448275865 -0.5613098426574333
40.3448275862069 0.06863118918141915
41.89655172413793 0.18190224733380325
43.44827586206897 0.571746244397878
45.0 0.3673396924750715
