0.0 0.1764052345967664
1.5517241379310345 1.4574621529672904
3.103448275862069 1.460114274422461
4.655172413793103 0.49401062948549435
6.206896551724138 8.598411845304003
7.758620689655173 -1.006213693059617
9.310344827586206 -0.23598617836733335
10.862068965517242 0.33285717233240486
12.413793103448276 0.5668011559065416
13.96551724137931 2.352491735318565
15.517241379310345 0.5849091422959327
17.06896551724138 -0.20420249171126023
18.620689655172413 -0.1607013225003671
20.17241379310345 0.04093189971117955
21.724137931034484 0.24565451618602488
23.275862068965516 1.8407110557708415
24.82758620689655 0.16746649245450018
26.379310344827587 -0.12951882039641532
27.93103448275862 -0.08669128057344289
29.482758620689655 -0.11889154812776226
31.03448275862069 -0.20096144441874422
32.58620689655172 0.14213187247272863
34.13793103448276 0.12038367388166682
35.689655172413794 -0.0978856469134376
37.241379310344826 0.17934352399317324
38.793103448275865 -0.17385928518113436
40.3448275862069 0.2364003174016691
41.89655172413793 0.009432412573084272
43.44827586206897 0.17475437328553756
45.0 0.14693587699002852
