0.0 0.1764052345967664
1.5517241379310345 2.532192496927375
3.103448275862069 1.6887790055220395
4.655172413793103 0.564750743446788
6.206896551724138 3.6604606215341056
7.758620689655173 -1.4367707196968296
9.310344827586206 -0.4322125569388511
10.862068965517242 0.2206213001863161
12.413793103448276 1.0632484575813255
13.96551724137931 1.6285746697052923
15.517241379310345 0.06615560077701604
17.06896551724138 -0.675408603726143
18.620689655172413 -0.5247021160739168
20.17241379310345 0.09103420544762608
21.724137931034484 0.6407467387972036
23.275862068965516 1.3860262887358135
24.82758620689655 0.21189753044353637
26.379310344827587 -0.42813806801023546
27.93103448275862 -0.44555174324616575
29.482758620689655 -0.23163437068683673
31.03448275862069 0.0011524813065015849
32.58620689655172 0.45691625701923316
34.13793103448276 0.2735154015650049
35.689655172413794 -0.21520172094913106
37.241379310344826 5.367777818610596
38.793103448275865 -0.34315499146761863
40.3448275862069 0.17158785310967278
41.89655172413793 0.2099798248376783
43.44827586206897 0.3418293622441094
45.0 0.14693587699002872
