0.0 0.035281046919353284
1.5517241379310345 1.22171650294926
3.103448275862069 1.0183614218769785
4.655172413793103 0.21427724008697768
6.206896551724138 0.3495530688301862
7.758620689655173 -0.4377277916890913
9.310344827586206 -0.11145851620684244
10.862068965517242 0.11441844566482849
12.413793103448276 0.1647157226243159
13.96551724137931 0.08232268386212026
15.517241379310345 -0.02578865600359559
17.06896551724138 -0.03434716317036866
18.620689655172413 -0.021567125874877968
20.17241379310345 0.00625979568438427
21.724137931034484 0.03180218442963179
23.275862068965516 0.15027814657534927
24.82758620689655 0.03138969956284848
26.379310344827587 -0.011897867612798868
27.93103448275862 -0.00096377184845803
29.482758620689655 -0.01883737551885755
31.03448275862069 -0.04862035997670479
32.58620689655172 0.016023517460532502
34.13793103448276 0.01840589849658917
35.689655172413794 -0.015510415149768393
37.241379310344826 0.04424554820603802
38.793103448275865 -0.0296746710013219
40.3448275862069 0.0010497878527553884
41.89655172413793 -0.003317149948093603
43.44827586206897 0.030934214294985628
45.0 0.0293871753980057
