0.0 0.0882026172983832
1.0344827586206897 1.3511383291209422
2.0689655172413794 1.6028739253278956
3.1034482758620694 1.2105013724256315
4.137931034482759 5.115857499267877
5.172413793103448 -0.11758942726566501
6.206896551724139 -0.2729997316198504
7.241379310344828 -0.34477343473208255
8.275862068965518 -0.22651391603006307
9.310344827586208 0.9493657023653186
10.344827586206897 0.3890616591761074
11.379310344827587 0.14797590337072766
12.413793103448278 0.11034739257691609
13.448275862068966 0.05002119977867444
14.482758620689657 0.034620771438963575
15.517241379310345 0.8250739684125115
16.551724137931036 0.05738619434177003
17.586206896551726 -0.025576054551999076
18.620689655172416 0.007080840585942119
19.655172413793103 -0.0444775885220382
20.689655172413794 -0.1251106531130901
21.724137931034484 0.03659773306126381
22.758620689655174 0.04642940144104072
23.793103448275865 -0.035469338108148736
24.827586206896555 0.11367665133225552
25.862068965517242 -0.07337877813396991
26.896551724137932 0.11352368586369281
27.931034482758623 -0.010022793853302762
28.965517241379313 0.07633337547391471
30.0 0.07346793849501425
