0.0 1.7640523459676642
1.0344827586206897 2.0372551219211275
2.0689655172413794 2.3699731247550724
3.1034482758620694 4.284253913219288
4.137931034482759 2.8901143017088806
5.172413793103448 -0.21291519021081187
6.206896551724139 -0.15897874064316153
7.241379310344828 -1.5864267946503414
8.275862068965518 -1.1606219121413723
9.310344827586208 -0.08589402824146514
10.344827586206897 0.373251610833766
11.379310344827587 2.1870497973622074
12.413793103448278 1.6267222867758395
13.448275862068966 0.6494826002389271
14.482758620689657 0.668946929467443
15.517241379310345 0.13071125711158113
16.551724137931036 -0.444530992641519
17.586206896551726 -0.5201921570836662
18.620689655172416 -0.042139940871697534
19.655172413793103 -0.10742329233222019
20.689655172413794 0.10805682550428751
21.724137931034484 0.9555208848075841
22.758620689655174 0.32135463221414184
23.793103448275865 -0.5510923453654444
24.827586206896555 2.2968425016957164
25.862068965517242 -1.5708372395714518
26.896551724137932 -0.14348616542280745
27.931034482758623 -0.36418092613363284
28.965517241379313 -0.06958538098045604
30.0 0.02938717539800559
