0.0 4.41013086491916
1.0344827586206897 2.364641282212978
2.0689655172413794 2.0076022034327514
3.1034482758620694 7.3050335930185035
4.137931034482759 5.521025235007346
5.172413793103448 -0.21000525450489024
6.206896551724139 1.450998412006681
7.241379310344828 -1.5742843427047812
8.275862068965518 -0.9706255551775955
9.310344827586208 0.6127524796960664
10.344827586206897 0.5511156276296016
11.379310344827587 4.246330676073464
12.413793103448278 0.7594556876147214
13.448275862068966 0.5452913340822002
14.482758620689657 1.297227829131912
15.517241379310345 0.6650499265500956
16.551724137931036 -0.32063985809601236
17.586206896551726 -0.4403320730285818
18.620689655172416 0.4866628853584211
19.655172413793103 -0.11798926825357432
20.689655172413794 0.004947694059103641
21.724137931034484 0.28426617091137096
22.758620689655174 0.29661006680710184
23.793103448275865 -1.6961853218152736
24.827586206896555 5.696959791392443
25.862068965517242 -3.732973823974151
26.896551724137932 -0.04330760901659611
27.931034482758623 -0.6154571884877501
28.965517241379313 -0.006895177005098105
30.0 0.07346793849501415
