0.0 0.0882026172983832
1.0344827586206897 1.111406469454297
2.0689655172413794 1.6158691425872587
3.1034482758620694 1.4742851359719598
4.137931034482759 5.350599183080861
5.172413793103448 -0.1777769824026763
6.206896551724139 -0.6918736845695546
7.241379310344828 -0.964280917983314
8.275862068965518 -0.7775326326600119
9.310344827586208 0.6955012347260392
10.344827586206897 0.5129142876841203
11.379310344827587 0.5612312022809701
12.413793103448278 0.6151749273432471
13.448275862068966 0.43744981743068845
14.482758620689657 0.17224895945194948
15.517241379310345 0.69887710492721
16.551724137931036 -0.24157109574523383
17.586206896551726 -0.3543172410605235
18.620689655172416 -0.22115170993252084
19.655172413793103 -0.10293237199587671
20.689655172413794 -0.021571742911057873
21.724137931034484 0.23394912268350035
22.758620689655174 0.24593241543427646
23.793103448275865 0.09027353234034306
24.827586206896555 5.692445145107758
25.862068965517242 -0.15036599371172943
26.896551724137932 -0.011766828562553844
27.931034482758623 -0.12735724323982453
28.965517241379313 0.009811650539506098
30.0 0.07346793849501418
