0.0 0.1764052345967664
1.0344827586206897 1.1314143298726584
2.0689655172413794 1.6648060417925457
3.1034482758620694 1.5863297959320328
4.137931034482759 10.019494158455778
5.172413793103448 -0.22664087639649688
6.206896551724139 -0.6443692636932751
7.241379310344828 -0.9718487783981988
8.275862068965518 -0.7826935752496899
9.310344827586208 1.72199748957197
10.344827586206897 0.8730232155863152
11.379310344827587 0.6339448776291189
12.413793103448278 0.6532268136005968
13.448275862068966 0.44353356825532986
14.482758620689657 0.19444212108922077
15.517241379310345 1.533062923362877
16.551724137931036 -0.1668671420873535
17.586206896551726 -0.3645751542488135
18.620689655172416 -0.20549832484997577
19.655172413793103 -0.14563715896096296
20.689655172413794 -0.1492212337027618
21.724137931034484 0.2666300524555184
22.758620689655174 0.2891542253772518
23.793103448275865 0.05316528132002096
24.827586206896555 11.366831705076777
25.862068965517242 -0.22308427744166767
26.896551724137932 0.10262946469106132
27.931034482758623 -0.1367164357411162
28.965517241379313 0.08645061125742898
30.0 0.1469358769900284
