0.0 0.1764052345967664
1.0344827586206897 1.1427632604670346
2.0689655172413794 1.697563026452305
3.1034482758620694 1.6292690773728662
4.137931034482759 2.578062404876243
5.172413793103448 -0.2334842529847006
6.206896551724139 -0.6917158759643622
7.241379310344828 -1.0436980448319422
8.275862068965518 -0.8493334736971877
9.310344827586208 0.04730655281055618
10.344827586206897 0.3135029472638262
11.379310344827587 0.69282114144494
12.413793103448278 0.7295063328191245
13.448275862068966 0.5056265289518657
14.482758620689657 0.21782685717808056
15.517241379310345 0.17565278809482496
16.551724137931036 -0.22379769703708477
17.586206896551726 -0.4307286783798423
18.620689655172416 -0.25396557340079196
19.655172413793103 -0.15871848670459515
20.689655172413794 -0.12483869702605385
21.724137931034484 0.3154665747737572
22.758620689655174 0.34096009779704184
23.793103448275865 0.08738279234422835
24.827586206896555 0.25012320038837416
25.862068965517242 -0.24600141285821825
26.896551724137932 -0.11933980752991427
27.931034482758623 -0.17473748723982274
28.965517241379313 0.0639988583549473
30.0 0.14693587699002839
